5 14 408 1293 1321 1980 Sat Jul  1 16:12:10 2023
[[5, 653]]
5 1 397 1286 1313 1980 Sat Jul  1 16:12:10 2023
[[5, 653], [5, 643]]
5 7 386 1279 1293 1980 Sat Jul  1 16:12:10 2023
[[5, 653], [5, 643], [5, 643]]
5 1 405 1258 1305 1980 Sat Jul  1 16:12:10 2023
[[5, 653], [5, 643], [5, 643], [5, 629]]
5 1 429 1257 1315 1980 Sat Jul  1 16:12:10 2023
[[5, 653], [5, 643], [5, 643], [5, 629], [5, 629]]
5 1 426 1226 1329 1980 Sat Jul  1 16:12:10 2023
[[5, 653], [5, 643], [5, 643], [5, 629], [5, 629], [5, 613]]
5 1 423 1216 1310 1980 Sat Jul  1 16:12:11 2023
[[5, 653], [5, 643], [5, 643], [5, 629], [5, 629], [5, 613], [5, 608]]
5 1 421 1194 1323 1980 Sat Jul  1 16:12:11 2023
[[5, 653], [5, 643], [5, 643], [5, 629], [5, 629], [5, 613], [5, 608], [5, 597]]
5 1 409 1163 1312 1980 Sat Jul  1 16:12:11 2023
[[5, 653], [5, 643], [5, 643], [5, 629], [5, 629], [5, 613], [5, 608], [5, 597], [5, 582]]
5 1 430 1123 1278 1980 Sat Jul  1 16:12:11 2023
[[5, 653], [5, 643], [5, 643], [5, 629], [5, 629], [5, 613], [5, 608], [5, 597], [5, 582], [5, 562]]
5 1 429 1123 1293 1980 Sat Jul  1 16:12:11 2023
[[5, 653], [5, 643], [5, 643], [5, 629], [5, 629], [5, 613], [5, 608], [5, 597], [5, 582], [5, 562], [5, 562]]
5 1 437 1073 1307 1980 Sat Jul  1 16:12:12 2023
[[5, 653], [5, 643], [5, 643], [5, 629], [5, 629], [5, 613], [5, 608], [5, 597], [5, 582], [5, 562], [5, 562], [5, 537]]
5 8 445 1025 1299 1980 Sat Jul  1 16:12:12 2023
[[5, 653], [5, 643], [5, 643], [5, 629], [5, 629], [5, 613], [5, 608], [5, 597], [5, 582], [5, 562], [5, 562], [5, 537], [5, 516]]
5 7 437 1006 1307 1980 Sat Jul  1 16:12:12 2023
[[5, 653], [5, 643], [5, 643], [5, 629], [5, 629], [5, 613], [5, 608], [5, 597], [5, 582], [5, 562], [5, 562], [5, 537], [5, 516], [5, 506]]
5 1 465 958 1289 1980 Sat Jul  1 16:12:12 2023
[[5, 653], [5, 643], [5, 643], [5, 629], [5, 629], [5, 613], [5, 608], [5, 597], [5, 582], [5, 562], [5, 562], [5, 537], [5, 516], [5, 506], [5, 479]]
5 1 439 912 1294 1980 Sat Jul  1 16:12:12 2023
[[5, 653], [5, 643], [5, 643], [5, 629], [5, 629], [5, 613], [5, 608], [5, 597], [5, 582], [5, 562], [5, 562], [5, 537], [5, 516], [5, 506], [5, 479], [5, 456]]
5 1 471 877 1295 1980 Sat Jul  1 16:12:13 2023
[[5, 653], [5, 643], [5, 643], [5, 629], [5, 629], [5, 613], [5, 608], [5, 597], [5, 582], [5, 562], [5, 562], [5, 537], [5, 516], [5, 506], [5, 479], [5, 456], [5, 439]]
5 1 471 877 1295 1980 Sat Jul  1 16:12:13 2023
[[5, 653], [5, 643], [5, 643], [5, 629], [5, 629], [5, 613], [5, 608], [5, 597], [5, 582], [5, 562], [5, 562], [5, 537], [5, 516], [5, 506], [5, 479], [5, 456], [5, 439], [5, 439]]
5 1 484 817 1293 1980 Sat Jul  1 16:12:13 2023
[[5, 653], [5, 643], [5, 643], [5, 629], [5, 629], [5, 613], [5, 608], [5, 597], [5, 582], [5, 562], [5, 562], [5, 537], [5, 516], [5, 506], [5, 479], [5, 456], [5, 439], [5, 439], [5, 409]]
5 6 484 793 1293 1980 Sat Jul  1 16:12:13 2023
[[5, 653], [5, 643], [5, 643], [5, 629], [5, 629], [5, 613], [5, 608], [5, 597], [5, 582], [5, 562], [5, 562], [5, 537], [5, 516], [5, 506], [5, 479], [5, 456], [5, 439], [5, 439], [5, 409], [5, 399]]
5 1 473 759 1282 1980 Sat Jul  1 16:12:13 2023
[[5, 653], [5, 643], [5, 643], [5, 629], [5, 629], [5, 613], [5, 608], [5, 597], [5, 582], [5, 562], [5, 562], [5, 537], [5, 516], [5, 506], [5, 479], [5, 456], [5, 439], [5, 439], [5, 409], [5, 399], [5, 380]]
4 2 469 642 1253 322 Sat Jul  1 16:12:13 2023
[[5, 653], [5, 643], [5, 643], [5, 629], [5, 629], [5, 613], [5, 608], [5, 597], [5, 582], [5, 562], [5, 562], [5, 537], [5, 516], [5, 506], [5, 479], [5, 456], [5, 439], [5, 439], [5, 409], [5, 399], [5, 380], [4, 322]]
4 1 483 574 1253 287 Sat Jul  1 16:12:13 2023
[[5, 653], [5, 643], [5, 643], [5, 629], [5, 629], [5, 613], [5, 608], [5, 597], [5, 582], [5, 562], [5, 562], [5, 537], [5, 516], [5, 506], [5, 479], [5, 456], [5, 439], [5, 439], [5, 409], [5, 399], [5, 380], [4, 322], [4, 287]]
4 1 483 574 1253 287 Sat Jul  1 16:12:14 2023
[[5, 653], [5, 643], [5, 643], [5, 629], [5, 629], [5, 613], [5, 608], [5, 597], [5, 582], [5, 562], [5, 562], [5, 537], [5, 516], [5, 506], [5, 479], [5, 456], [5, 439], [5, 439], [5, 409], [5, 399], [5, 380], [4, 322], [4, 287], [4, 287]]
4 18 514 523 1270 270 Sat Jul  1 16:12:14 2023
[[5, 653], [5, 643], [5, 643], [5, 629], [5, 629], [5, 613], [5, 608], [5, 597], [5, 582], [5, 562], [5, 562], [5, 537], [5, 516], [5, 506], [5, 479], [5, 456], [5, 439], [5, 439], [5, 409], [5, 399], [5, 380], [4, 322], [4, 287], [4, 287], [4, 270]]


