4 1938
452 418 1488 1304 1938 Sat Jul  1 11:12:55 2023
0 999
4 1938
509 412 1489 1299 1938 Sat Jul  1 11:12:55 2023
0 999
4 1938
509 412 1489 1299 1938 Sat Jul  1 11:12:55 2023
0 1052
4 1938
624 432 1481 1291 1938 Sat Jul  1 11:12:55 2023
0 1097
4 1938
666 445 1528 1299 1938 Sat Jul  1 11:12:55 2023
0 1104
4 1938
713 453 1495 1296 1938 Sat Jul  1 11:12:56 2023
0 1133
4 1938
776 438 1490 1297 1938 Sat Jul  1 11:12:56 2023
0 1146
4 1938
816 440 1477 1298 1938 Sat Jul  1 11:12:56 2023
0 1156
4 1938
825 424 1487 1298 1938 Sat Jul  1 11:12:56 2023
0 1156
4 1938
825 424 1487 1298 1938 Sat Jul  1 11:12:56 2023
0 1179
4 1938
883 440 1476 1267 1938 Sat Jul  1 11:12:57 2023
0 1212
4 1831
1127 1 2535 1413 1831 Sat Jul  1 11:12:57 2023
0 1244
4 1841
1002 392 1487 1234 1841 Sat Jul  1 11:12:57 2023
0 1244
4 1831
1114 1 2548 1388 1831 Sat Jul  1 11:12:57 2023
0 1244
4 1884
1230 1 2539 1401 1884 Sat Jul  1 11:12:57 2023
0 1244
4 1873
1219 1 2528 1401 1873 Sat Jul  1 11:12:57 2023
0 1244
4 1873
0 0 0 0 1873 Sat Jul  1 11:12:58 2023
0 1244
4 1873
0 0 0 0 1873 Sat Jul  1 11:12:58 2023
0 1244
4 1873
0 0 0 0 1873 Sat Jul  1 11:12:58 2023
0 1244
4 1873
0 0 0 0 1873 Sat Jul  1 11:12:58 2023
0 1244
4 1873
0 0 0 0 1873 Sat Jul  1 11:12:58 2023
0 1244
4 1873
0 0 0 0 1873 Sat Jul  1 11:12:58 2023
0 1244
4 1873
0 0 0 0 1873 Sat Jul  1 11:12:58 2023
0 1244
4 1873
0 0 0 0 1873 Sat Jul  1 11:12:58 2023
0 1244
4 1873
0 0 0 0 1873 Sat Jul  1 11:12:59 2023
0 1244
4 1873
0 0 0 0 1873 Sat Jul  1 11:12:59 2023
0 1244
4 1873
0 0 0 0 1873 Sat Jul  1 11:12:59 2023
0 1244
4 1873
0 0 0 0 1873 Sat Jul  1 11:12:59 2023
0 1244
4 1873
0 0 0 0 1873 Sat Jul  1 11:12:59 2023
0 1244
4 1873
0 0 0 0 1873 Sat Jul  1 11:12:59 2023
0 1244
4 1873
0 0 0 0 1873 Sat Jul  1 11:12:59 2023
0 1244
4 1873
0 0 0 0 1873 Sat Jul  1 11:12:59 2023
0 1244
4 1873
0 0 0 0 1873 Sat Jul  1 11:12:59 2023
0 1244
4 1873
0 0 0 0 1873 Sat Jul  1 11:12:59 2023
0 1244
4 1873
0 0 0 0 1873 Sat Jul  1 11:13:00 2023
0 1244
4 1873
0 0 0 0 1873 Sat Jul  1 11:13:00 2023
0 1244
4 1873
0 0 0 0 1873 Sat Jul  1 11:13:00 2023
0 1244
4 1873
0 0 0 0 1873 Sat Jul  1 11:13:00 2023
0 1244
4 1873
0 0 0 0 1873 Sat Jul  1 11:13:00 2023
0 1244
4 1873
0 0 0 0 1873 Sat Jul  1 11:13:00 2023
0 1244
4 1873
0 0 0 0 1873 Sat Jul  1 11:13:00 2023
0 1244
4 1873
0 0 0 0 1873 Sat Jul  1 11:13:00 2023
0 1244
4 1873
0 0 0 0 1873 Sat Jul  1 11:13:00 2023
4 1873
0 0 0 0 1873 Sat Jul  1 11:13:00 2023
4 1873
0 0 0 0 1873 Sat Jul  1 11:13:00 2023
4 1873
